[
  {
    "rows": [
      [
        "Dimension B",
        "",
        "",
        "",
        "",
        "",
        "",
        "",
        "",
        "",
        "",
        "",
        "",
        "",
        "",
        "",
        "",
        "",
        ""
      ],
      [
        "Height, mm",
        "",
        "",
        "",
        "",
        "",
        "",
        "",
        "",
        "",
        "",
        "",
        "",
        "",
        "",
        "",
        "",
        "",
        ""
      ],
      [
        "1.0",
        "98.0",
        "98.0",
        "97.0",
        "96.0",
        "96.0",
        "95.0",
        "94.0",
        "94.0",
        "93.0",
        "93.0",
        "92.0",
        "91.0",
        "91.0",
        "90.0",
        "89.0",
        "89.0",
        "88.0",
        "87.0"
      ],
      [
        "1.5",
        "97.0",
        "96.0",
        "95.0",
        "94.0",
        "93.0",
        "93.0",
        "92.0",
        "91.0",
        "90.0",
        "89.0",
        "88.0",
        "87.0",
        "86.0",
        "85.0",
        "85.0",
        "83.0",
        "82.0",
        "81.0"
      ],
      [
        "2.0",
        "96.0",
        "95.0",
        "94.0",
        "93.0",
        "91.0",
        "90.0",
        "89.0",
        "88.0",
        "86.0",
        "85.0",
        "84.0",
        "82.0",
        "81.0",
        "80.0",
        "79.0",
        "78.0",
        "76.0",
        "75.0"
      ],
      [
        "2.5",
        "95.0",
        "94.0",
        "92.0",
        "91.0",
        "89.0",
        "87.0",
        "86.0",
        "84.0",
        "83.0",
        "81.0",
        "80.0",
        "79.0",
        "76.0",
        "75.0",
        "73.0",
        "72.0",
        "70.0",
        "69.0"
      ],
      [
        "3.0",
        "94.0",
        "93.0",
        "91.0",
        "90.0",
        "87.0",
        "85.0",
        "83.0",
        "81.0",
        "79.0",
        "78.0",
        "76.0",
        "74.0",
        "72.0",
        "70.0",
        "68.0",
        "66.0",
        "64.0",
        "63.0"
      ],
      [
        "3.5",
        "93.0",
        "91.0",
        "89.0",
        "87.0",
        "85.0",
        "83.0",
        "80.0",
        "78.0",
        "75.0",
        "74.0",
        "72.0",
        "69.0",
        "67.0",
        "65.0",
        "63.0",
        "61.0",
        "58.0",
        "56.0"
      ],
      [
        "4.0",
        "93.0",
        "90.0",
        "87.0",
        "85.0",
        "83.0",
        "80.0",
        "78.0",
        "75.0",
        "72.0",
        "70.0",
        "68.0",
        "65.0",
        "62.0",
        "60.0",
        "57.0",
        "55.0",
        "52.0",
        "50.0"
      ],
      [
        "4.5",
        "92.0",
        "89.0",
        "86.0",
        "83.0",
        "80.0",
        "78.0",
        "75.0",
        "72.0",
        "69.0",
        "66.0",
        "63.0",
        "61.0",
        "58.0",
        "55.0",
        "52.0",
        "49.0",
        "46.0",
        "43.0"
      ],
      [
        "5.0",
        "91.0",
        "88.0",
        "84.0",
        "81.0",
        "78.0",
        "75.0",
        "72.0",
        "69.0",
        "66.0",
        "63.0",
        "59.0",
        "56.0",
        "53.0",
        "50.0",
        "48.0",
        "44.0",
        "40.0",
        "38.0"
      ],
      [
        "5.5",
        "90.0",
        "86.0",
        "83.0",
        "79.0",
        "75.0",
        "72.0",
        "69.0",
        "66.0",
        "63.0",
        "59.0",
        "55.0",
        "52.0",
        "48.0",
        "45.0",
        "42.0",
        "38.0",
        "35.0",
        "31.0"
      ],
      [
        "6.0",
        "89.0",
        "85.0",
        "81.0",
        "78.0",
        "74.0",
        "70.0",
        "66.0",
        "63.0",
        "59.0",
        "55.0",
        "51.0",
        "47.0",
        "44.0",
        "40.0",
        "36.0",
        "33.0",
        "29.0",
        "25.0"
      ],
      [
        "6.5",
        "88.0",
        "84.0",
        "80.0",
        "76.0",
        "72.0",
        "68.0",
        "63.0",
        "59.0",
        "55.0",
        "51.0",
        "47.0",
        "43.0",
        "40.0",
        "35.0",
        "31.0",
        "27.0",
        "23.0",
        "19.0"
      ],
      [
        "7.0",
        "87.0",
        "82.0",
        "79.0",
        "74.0",
        "69.0",
        "65.0",
        "61.0",
        "56.0",
        "52.0",
        "47.0",
        "43.0",
        "39.0",
        "34.0",
        "30.0",
        "26.0",
        "21.0",
        "16.0",
        "12.0"
      ],
      [
        "7.5",
        "86.0",
        "81.0",
        "76.0",
        "72.0",
        "67.0",
        "62.0",
        "58.0",
        "53.0",
        "48.0",
        "44.0",
        "40.0",
        "34.0",
        "30.0",
        "25.0",
        "23.0",
        "16.0",
        "11.0",
        "6.0"
      ],
      [
        "8.0",
        "85.0",
        "80.0",
        "75.0",
        "70.0",
        "65.0",
        "70.0",
        "55.0",
        "50.0",
        "45.0",
        "40.0",
        "35.0",
        "30.0",
        "25.0",
        "20.0",
        "15.0",
        "10.0",
        "5.0",
        "0.0"
      ]
    ]
  }
]